183820 62790
183840 62770
183860 62750
183880 62730
183900 62710
183920 62690
183940 62670
183960 62650
183980 62630
184000 62610
184020 62590
184040 62570
184060 62550
184080 62530
184100 62510
184120 62490
184140 62470
184160 62450
184180 62430
184200 62410
184220 62390
184240 62370
184260 62350
184280 62330
184300 62310
184320 62290
184340 62270
184360 62250
184380 62230
184400 62210
184420 62190
184440 62170
184460 62150
184480 62130
184500 62110
184520 62090
184540 62070
184560 62050
184580 62030
184600 62010
184620 61990
184640 61970
184660 61950
184680 61930
184700 61910
184720 61890
184740 61870
184760 61850
184780 61830
184800 61810
184820 61790
184840 61770
184860 61750
184880 61730
184900 61710
184920 61690
184940 61670
184960 61650
184980 61630
185000 61610
185020 61590
185040 61570
185060 61550
185080 61530
185100 61510
185120 61490
185140 61470
185160 61450
185180 61430
185200 61410
185220 61390
185240 61370
185260 61350
185280 61330
185300 61310
185320 61290
185340 61270
185360 61250
185380 61230
185400 61210
185420 61190
185440 61170
185460 61150
185480 61130
185500 61110
185520 61090
185540 61070
185560 61050
185580 61030
185600 61010
185620 60990
185640 60970
185660 60950
185680 60930
185700 60910
185720 60890
185740 60870
185760 60850
185780 60830
185800 60810
185820 60790
185840 60770
185860 60750
185880 60730
185900 60710
185920 60690
185940 60670
185960 60650
185980 60630
186000 60610
186020 60590
186040 60570
186060 60550
186080 60530
186100 60510
186120 60490
186140 60470
186160 60450
186180 60430
186200 60410
186220 60390
186240 60370
186260 60350
186280 60330
186300 60310
186320 60290
186340 60270
186360 60250
186380 60230
186400 60210
186420 60190
186440 60170
186460 60150
186480 60130
186500 60110
186520 60090
186540 60070
186560 60050
186580 60030
186600 60010
186620 59990
186640 59970
186660 59950
186680 59930
186700 59910
186720 59890
186740 59870
186760 59850
186780 59830
186800 59810
186820 59790
186840 59770
186860 59750
186880 59730
186900 59710
186920 59690
186940 59670
186960 59650
186980 59630
187000 59610
187020 59590
187040 59570
187060 59550
187080 59530
187100 59510
187120 59490
187140 59470
187160 59450
187180 59430
187200 59410
187220 59390
187240 59370
187260 59350
187280 59330
187300 59310
187320 59290
187340 59270
187360 59250
187380 59230
187400 59210
187420 59190
187440 59170
187460 59150
187480 59130
187500 59110
187520 59090
187540 59070
187560 59050
187580 59030
187600 59010
187620 58990
187640 58970
187660 58950
187680 58930
187700 58910
187720 58890
187740 58870
187760 58850
187780 58830
187800 58810
187820 58790
187840 58770
187860 58750
187880 58730
187900 58710
187920 58690
187940 58670
187960 58650
187980 58630
188000 58610
188020 58590
188040 58570
188060 58550
188080 58530
188100 58510
188120 58490
188140 58470
188160 58450
188180 58430
188200 58410
188220 58390
188240 58370
188260 58350
188280 58330
188300 58310
188320 58290
188340 58270
188360 58250
188380 58230
188400 58210
188420 58190
188440 58170
188460 58150
188480 58130
188500 58110
188520 58090
188540 58070
188560 58050
188580 58030
188600 58010
188620 57990
188640 57970
188660 57950
188680 57930
188700 57910
188720 57890
188740 57870
188760 57850
188780 57830
188800 57810
188820 57790
188840 57770
188860 57750
188880 57730
188900 57710
188920 57690
188940 57670
188960 57650
188980 57630
189000 57610
189020 57590
189040 57570
189060 57550
189080 57530
189100 57510
189120 57490
189140 57470
189160 57450
189180 57430
189200 57410
189220 57390
189240 57370
189260 57350
189280 57330
189300 57310
189320 57290
189340 57270
189360 57250
189380 57230
189400 57210
189420 57190
189440 57170
189460 57150
189480 57130
189500 57110
189520 57090
189540 57070
189560 57050
189580 57030
189600 57010
189620 56990
189640 56970
189660 56950
189680 56930
189700 56910
189720 56890
189740 56870
189760 56850
189780 56830
189800 56810
189820 56790
189840 56770
189860 56750
189880 56730
189900 56710
189920 56690
189940 56670
189960 56650
189980 56630
190000 56610
190020 56590
190040 56570
190060 56550
190080 56530
190100 56510
190120 56490
190140 56470
190160 56450
190180 56430
190200 56410
190220 56390
190240 56370
190260 56350
190280 56330
190300 56310
190320 56290
190340 56270
190360 56250
190380 56230
190400 56210
190420 56190
190440 56170
190460 56150
190480 56130
190500 56110
190520 56090
190540 56070
190560 56050
190580 56030
190600 56010
190620 55990
190640 55970
190660 55950
190680 55930
190700 55910
190720 55890
190740 55870
190760 55850
190780 55830
190800 55810
190820 55790
190840 55770
190860 55750
190880 55730
190900 55710
190920 55690
190940 55670
190960 55650
190980 55630
191000 55610
191020 55590
191040 55570
191060 55550
191080 55530
191100 55510
191120 55490
191140 55470
191160 55450
191180 55430
191200 55410
191220 55390
191240 55370
191260 55350
191280 55330
191300 55310
191320 55290
191340 55270
191360 55250
191380 55230
191400 55210
191420 55190
191440 55170
191460 55150
191480 55130
191500 55110
191520 55090
191540 55070
191560 55050
191580 55030
191600 55010
191620 54990
191640 54970
191660 54950
